date,issued_shares,foreign_holding_shares,big_holder_over400_shares,big_holder_over1000_shares,locked_shares,free_float_shares,locked_pct,source,fetched_at
2015-01-30,67089875,4503924,35322241,21869534,21869534,45220341,0.325974,finmind,2026-07-22T04:17:31.412074+08:00
2015-02-26,67089875,4121924,34767141,18880634,18880634,48209241,0.281423,finmind,2026-07-22T04:17:31.412074+08:00
2015-03-31,67246875,6875205,39998188,21329734,21329734,45917141,0.317186,finmind,2026-07-22T04:17:31.412074+08:00
2015-04-30,67246875,5556399,39345365,21751796,21751796,45495079,0.323462,finmind,2026-07-22T04:17:31.412074+08:00
2015-05-08,67246875,5205399,39884365,23085796,23085796,44161079,0.343299,finmind,2026-07-22T04:17:31.412074+08:00
2015-05-15,67246875,5211877,39378365,23748796,23748796,43498079,0.353158,finmind,2026-07-22T04:17:31.412074+08:00
2015-05-22,67246875,5788315,38641365,24667796,24667796,42579079,0.366824,finmind,2026-07-22T04:17:31.412074+08:00
2015-05-29,67246875,6133889,38329624,23291796,23291796,43955079,0.346363,finmind,2026-07-22T04:17:31.412074+08:00
2015-06-05,67246875,6314971,38246662,22690796,22690796,44556079,0.337425,finmind,2026-07-22T04:17:31.412074+08:00
2015-06-12,67246875,6092971,36492912,21432046,21432046,45814829,0.318707,finmind,2026-07-22T04:17:31.412074+08:00
2015-06-18,67246875,5760971,36501912,21319046,21319046,45927829,0.317027,finmind,2026-07-22T04:17:31.412074+08:00
2015-06-26,67246875,5843019,35202827,22155046,22155046,45091829,0.329458,finmind,2026-07-22T04:17:31.412074+08:00
2015-07-03,67246875,5977304,36307807,22029046,22029046,45217829,0.327585,finmind,2026-07-22T04:17:31.412074+08:00
2015-07-09,67246875,5983942,36158827,22510046,22510046,44736829,0.334737,finmind,2026-07-22T04:17:31.412074+08:00
2015-07-17,67274163,6478786,37318827,22643046,22643046,44631117,0.336579,finmind,2026-07-22T04:17:31.412074+08:00
2015-07-24,67274163,6677275,34789295,18625834,18625834,48648329,0.276865,finmind,2026-07-22T04:17:31.412074+08:00
2015-07-31,67274163,5818275,32044295,17053934,17053934,50220229,0.253499,finmind,2026-07-22T04:17:31.412074+08:00
2015-08-07,67274163,5615275,30621957,15158423,15158423,52115740,0.225323,finmind,2026-07-22T04:17:31.412074+08:00
2015-08-14,67274163,5225275,32842977,17502423,17502423,49771740,0.260166,finmind,2026-07-22T04:17:31.412074+08:00
2015-08-21,67274163,5972275,31863062,16335423,16335423,50938740,0.242819,finmind,2026-07-22T04:17:31.412074+08:00
2015-08-28,67274163,5609666,29681818,11947622,11947622,55326541,0.177596,finmind,2026-07-22T04:17:31.412074+08:00
2015-09-04,67274163,6261634,26307281,11404565,11404565,55869598,0.169524,finmind,2026-07-22T04:17:31.412074+08:00
2015-09-11,67274163,6712634,27736281,11960218,11960218,55313945,0.177783,finmind,2026-07-22T04:17:31.412074+08:00
2015-09-18,67274163,6699533,29293103,12481117,12481117,54793046,0.185526,finmind,2026-07-22T04:17:31.412074+08:00
2015-09-25,74371851,7176950,30255823,11917117,11917117,62454734,0.160237,finmind,2026-07-22T04:17:31.412074+08:00
2015-10-02,74371851,7305544,30747811,15439117,15439117,58932734,0.207594,finmind,2026-07-22T04:17:31.412074+08:00
2015-10-08,74371851,8189149,34287361,13986227,13986227,60385624,0.188058,finmind,2026-07-22T04:17:31.412074+08:00
2015-10-16,74371851,8663010,35441594,15825782,15825782,58546069,0.212793,finmind,2026-07-22T04:17:31.412074+08:00
2015-10-23,74371851,8771010,37419930,21676251,21676251,52695600,0.291458,finmind,2026-07-22T04:17:31.412074+08:00
2015-10-30,74371851,9503308,40326622,23220122,23220122,51151729,0.312217,finmind,2026-07-22T04:17:31.412074+08:00
2015-11-06,74371851,8969214,42059898,23130929,23130929,51240922,0.311017,finmind,2026-07-22T04:17:31.412074+08:00
2015-11-13,74371851,8882214,42084970,22747293,22747293,51624558,0.305859,finmind,2026-07-22T04:17:31.412074+08:00
2015-11-20,74371851,9506716,40226636,22204364,22204364,52167487,0.298559,finmind,2026-07-22T04:17:31.412074+08:00
2015-11-27,74371851,10314716,37149272,20150918,20150918,54220933,0.270948,finmind,2026-07-22T04:17:31.412074+08:00
2015-12-04,74371851,10613716,37690575,17514847,17514847,56857004,0.235504,finmind,2026-07-22T04:17:31.412074+08:00
2015-12-11,74371851,11631697,35241432,18003085,18003085,56368766,0.242069,finmind,2026-07-22T04:17:31.412074+08:00
2015-12-18,74371851,10710697,34829538,17584085,17584085,56787766,0.236435,finmind,2026-07-22T04:17:31.412074+08:00
2015-12-25,74371851,9418448,35038751,18264869,18264869,56106982,0.245588,finmind,2026-07-22T04:17:31.412074+08:00
2015-12-31,74371851,9318448,35151751,17198987,17198987,57172864,0.231257,finmind,2026-07-22T04:17:31.412074+08:00
2016-01-08,74371851,9518057,36001850,15461289,15461289,58910562,0.207892,finmind,2026-07-22T04:17:31.412074+08:00
2016-01-15,74371851,9952293,34626607,17865126,17865126,56506725,0.240214,finmind,2026-07-22T04:17:31.412074+08:00
2016-01-22,74371851,10561713,35731607,19055413,19055413,55316438,0.256218,finmind,2026-07-22T04:17:31.412074+08:00
2016-01-30,74371851,11129713,34046966,17616689,17616689,56755162,0.236873,finmind,2026-07-22T04:17:31.412074+08:00
2016-02-03,74371851,11302713,33944380,18506689,18506689,55865162,0.24884,finmind,2026-07-22T04:17:31.412074+08:00
2016-02-19,74371851,12890713,33962124,17847625,17847625,56524226,0.239978,finmind,2026-07-22T04:17:31.412074+08:00
2016-02-26,74371851,13594402,35616356,20078136,20078136,54293715,0.26997,finmind,2026-07-22T04:17:31.412074+08:00
2016-03-04,74371851,12987431,35382488,19146915,19146915,55224936,0.257448,finmind,2026-07-22T04:17:31.412074+08:00
2016-03-11,74371851,12652803,35828860,21408432,21408432,52963419,0.287857,finmind,2026-07-22T04:17:31.412074+08:00
2016-03-18,74371851,11736557,37349693,23210097,23210097,51161754,0.312082,finmind,2026-07-22T04:17:31.412074+08:00
2016-03-25,74371851,11427284,37104958,22982455,22982455,51389396,0.309021,finmind,2026-07-22T04:17:31.412074+08:00
2016-04-01,74371851,11083115,36580324,21511573,21511573,52860278,0.289243,finmind,2026-07-22T04:17:31.412074+08:00
2016-04-08,74358826,10051889,35458323,18949425,18949425,55409401,0.254838,finmind,2026-07-22T04:17:31.412074+08:00
2016-04-15,74358826,9167803,33012769,18550546,18550546,55808280,0.249473,finmind,2026-07-22T04:17:31.412074+08:00
2016-04-22,74358826,8018803,31099562,17196558,17196558,57162268,0.231265,finmind,2026-07-22T04:17:31.412074+08:00
2016-04-29,74358826,6724774,30085627,14810085,14810085,59548741,0.199171,finmind,2026-07-22T04:17:31.412074+08:00
2016-05-06,74358826,7241799,28977779,14623893,14623893,59734933,0.196667,finmind,2026-07-22T04:17:31.412074+08:00
2016-05-13,74358826,7707483,27695004,14733893,14733893,59624933,0.198146,finmind,2026-07-22T04:17:31.412074+08:00
2016-05-20,74358826,6834865,26954394,13150804,13150804,61208022,0.176856,finmind,2026-07-22T04:17:31.412074+08:00
2016-05-27,74358826,5839138,26840194,13377225,13377225,60981601,0.179901,finmind,2026-07-22T04:17:31.412074+08:00
2016-06-04,74358826,5300478,26281636,14518794,14518794,59840032,0.195253,finmind,2026-07-22T04:17:31.412074+08:00
2016-06-08,74358826,5795820,26304739,13368430,13368430,60990396,0.179783,finmind,2026-07-22T04:17:31.412074+08:00
2016-06-17,74348712,4412318,27892508,13043456,13043456,61305256,0.175436,finmind,2026-07-22T04:17:31.412074+08:00
2016-06-24,74348712,4425318,27196295,12902342,12902342,61446370,0.173538,finmind,2026-07-22T04:17:31.412074+08:00
2016-07-01,74348712,3773318,25973398,13917342,13917342,60431370,0.18719,finmind,2026-07-22T04:17:31.412074+08:00
2016-07-07,74348712,4112318,24103653,11702747,11702747,62645965,0.157403,finmind,2026-07-22T04:17:31.412074+08:00
2016-07-15,74348712,3330318,24228232,12951342,12951342,61397370,0.174197,finmind,2026-07-22T04:17:31.412074+08:00
2016-07-22,74348712,2961318,23334542,11584253,11584253,62764459,0.15581,finmind,2026-07-22T04:17:31.412074+08:00
2016-07-29,74348712,3217318,22505018,10085134,10085134,64263578,0.135646,finmind,2026-07-22T04:17:31.412074+08:00
2016-08-05,74348712,3017318,20680376,8890035,8890035,65458677,0.119572,finmind,2026-07-22T04:17:31.412074+08:00
2016-08-12,74348712,2669516,19203287,8793035,8793035,65555677,0.118267,finmind,2026-07-22T04:17:31.412074+08:00
2016-08-19,74348712,2712645,19485036,7819035,7819035,66529677,0.105167,finmind,2026-07-22T04:17:31.412074+08:00
2016-08-26,74348712,2643485,19343341,8812035,8812035,65536677,0.118523,finmind,2026-07-22T04:17:31.412074+08:00
2016-09-02,74348712,2877485,17290562,8824035,8824035,65524677,0.118684,finmind,2026-07-22T04:17:31.412074+08:00
2016-09-10,74348712,3075485,16946131,8761035,8761035,65587677,0.117837,finmind,2026-07-22T04:17:31.412074+08:00
2016-09-14,74348712,3312485,17206230,8753035,8753035,65595677,0.117729,finmind,2026-07-22T04:17:31.412074+08:00
2016-09-23,74348712,3171485,18290722,8748035,8748035,65600677,0.117662,finmind,2026-07-22T04:17:31.412074+08:00
2016-09-30,74348712,3147485,17273028,10233223,10233223,64115489,0.137638,finmind,2026-07-22T04:17:31.412074+08:00
2016-10-07,74348712,3000485,17446002,9267999,9267999,65080713,0.124656,finmind,2026-07-22T04:17:31.412074+08:00
2016-10-14,74348712,3072485,17115597,9885999,9885999,64462713,0.132968,finmind,2026-07-22T04:17:31.412074+08:00
2016-10-21,74348712,3251485,17231597,9853999,9853999,64494713,0.132538,finmind,2026-07-22T04:17:31.412074+08:00
2016-10-28,74348712,3131485,17602198,9861999,9861999,64486713,0.132645,finmind,2026-07-22T04:17:31.412074+08:00
2016-11-04,73857712,2545448,17334903,9817999,9817999,64039713,0.132931,finmind,2026-07-22T04:17:31.412074+08:00
2016-11-11,73857712,3443448,15168198,7335083,7335083,66522629,0.099314,finmind,2026-07-22T04:17:31.412074+08:00
2016-11-18,73857712,2828646,13981706,7418083,7418083,66439629,0.100437,finmind,2026-07-22T04:17:31.412074+08:00
2016-11-25,73857712,2466646,15784553,7310083,7310083,66547629,0.098975,finmind,2026-07-22T04:17:31.412074+08:00
2016-12-02,73857712,1990718,14891451,5727984,5727984,68129728,0.077554,finmind,2026-07-22T04:17:31.412074+08:00
2016-12-09,73857712,1625642,14268451,5643984,5643984,68213728,0.076417,finmind,2026-07-22T04:17:31.412074+08:00
2016-12-16,73857712,1666642,13720352,5480984,5480984,68376728,0.07421,finmind,2026-07-22T04:17:31.412074+08:00
2016-12-30,73857712,1804642,14388352,5533984,5533984,68323728,0.074928,finmind,2026-07-22T04:17:31.412074+08:00
2017-01-06,73857712,1982642,14425647,5218984,5218984,68638728,0.070663,finmind,2026-07-22T04:17:31.412074+08:00
2017-01-13,73857712,1839642,13770548,4201895,4201895,69655817,0.056892,finmind,2026-07-22T04:17:31.412074+08:00
2017-01-20,73857712,1867015,15358548,4201895,4201895,69655817,0.056892,finmind,2026-07-22T04:17:31.412074+08:00
2017-01-26,73857712,1991015,15649548,4201895,4201895,69655817,0.056892,finmind,2026-07-22T04:17:31.412074+08:00
2017-02-03,73857712,2233015,15976548,4201895,4201895,69655817,0.056892,finmind,2026-07-22T04:17:31.412074+08:00
2017-02-10,73857712,1810015,15500253,5399984,5399984,68457728,0.073113,finmind,2026-07-22T04:17:31.412074+08:00
2017-02-18,73857712,1696015,15107253,5388984,5388984,68468728,0.072964,finmind,2026-07-22T04:17:31.412074+08:00
2017-02-24,73857712,1490015,16203253,5317984,5317984,68539728,0.072003,finmind,2026-07-22T04:17:31.412074+08:00
2017-03-03,73857712,1480016,15447253,5291984,5291984,68565728,0.071651,finmind,2026-07-22T04:17:31.412074+08:00
2017-03-10,73857712,2715016,16453548,6209984,6209984,67647728,0.08408,finmind,2026-07-22T04:17:31.412074+08:00
2017-03-17,73857712,2428017,20915548,9970579,9970579,63887133,0.134997,finmind,2026-07-22T04:17:31.412074+08:00
2017-03-24,73857712,1377018,20773253,10122579,10122579,63735133,0.137055,finmind,2026-07-22T04:17:31.412074+08:00
2017-03-31,73857712,1634019,18870658,8676984,8676984,65180728,0.117482,finmind,2026-07-22T04:17:31.412074+08:00
2017-04-07,73857712,1554019,19207658,7723984,7723984,66133728,0.104579,finmind,2026-07-22T04:17:31.412074+08:00
2017-04-14,73857712,1538019,17096658,7324984,7324984,66532728,0.099177,finmind,2026-07-22T04:17:31.412074+08:00
2017-04-21,73857712,1565019,17040953,6362984,6362984,67494728,0.086152,finmind,2026-07-22T04:17:31.412074+08:00
2017-04-28,73857712,1565328,17884953,7324984,7324984,66532728,0.099177,finmind,2026-07-22T04:17:31.412074+08:00
2017-05-05,73857712,1998328,15996963,6799984,6799984,67057728,0.092069,finmind,2026-07-22T04:17:31.412074+08:00
2017-05-12,73857712,2405328,15928963,5908984,5908984,67948728,0.080005,finmind,2026-07-22T04:17:31.412074+08:00
2017-05-19,73857712,1923328,15300658,5909984,5909984,67947728,0.080019,finmind,2026-07-22T04:17:31.412074+08:00
2017-05-26,73857712,1853328,16931597,5655923,5655923,68201789,0.076579,finmind,2026-07-22T04:17:31.412074+08:00
2017-06-03,73857712,1951328,16104569,5407895,5407895,68449817,0.07322,finmind,2026-07-22T04:17:31.412074+08:00
2017-06-09,73857712,2091328,15939569,4201895,4201895,69655817,0.056892,finmind,2026-07-22T04:17:31.412074+08:00
2017-06-16,73857712,2055328,15977220,5243895,5243895,68613817,0.071,finmind,2026-07-22T04:17:31.412074+08:00
2017-06-23,74021613,1935328,16368220,5261895,5261895,68759718,0.071086,finmind,2026-07-22T04:17:31.412074+08:00
2017-06-30,74021613,1934328,15912121,5375895,5375895,68645718,0.072626,finmind,2026-07-22T04:17:31.412074+08:00
2017-07-07,74021613,2023328,15799121,5349895,5349895,68671718,0.072275,finmind,2026-07-22T04:17:31.412074+08:00
2017-07-14,91021613,2186328,16122121,5259895,5259895,85761718,0.057787,finmind,2026-07-22T04:17:31.412074+08:00
2017-07-21,91021613,2262328,16211121,5322895,5322895,85698718,0.058479,finmind,2026-07-22T04:17:31.412074+08:00
2017-07-28,91021613,2409328,33854121,22360895,22360895,68660718,0.245666,finmind,2026-07-22T04:17:31.412074+08:00
2017-08-04,91021613,2322328,33409121,22368895,22368895,68652718,0.245754,finmind,2026-07-22T04:17:31.412074+08:00
2017-08-11,91021613,2301328,33090121,24656895,24656895,66364718,0.270891,finmind,2026-07-22T04:17:31.412074+08:00
2017-08-18,91021613,2049328,32489121,24830895,24830895,66190718,0.272802,finmind,2026-07-22T04:17:31.412074+08:00
2017-08-25,91021613,1955329,33336121,24723895,24723895,66297718,0.271627,finmind,2026-07-22T04:17:31.412074+08:00
2017-09-01,91021613,1895329,32555121,23688895,23688895,67332718,0.260256,finmind,2026-07-22T04:17:31.412074+08:00
2017-09-08,91021613,1975279,32838121,23538895,23538895,67482718,0.258608,finmind,2026-07-22T04:17:31.412074+08:00
2017-09-15,91021613,1921279,32392121,23464895,23464895,67556718,0.257795,finmind,2026-07-22T04:17:31.412074+08:00
2017-09-22,91021613,1670279,31825121,23528895,23528895,67492718,0.258498,finmind,2026-07-22T04:17:31.412074+08:00
2017-09-30,91021613,1665279,31797121,23484895,23484895,67536718,0.258014,finmind,2026-07-22T04:17:31.412074+08:00
2017-10-06,91021613,1970279,32202121,22294895,22294895,68726718,0.244941,finmind,2026-07-22T04:17:31.412074+08:00
2017-10-13,91021613,2001279,31953121,22338895,22338895,68682718,0.245424,finmind,2026-07-22T04:17:31.412074+08:00
2017-10-20,91021613,1929279,32080121,22368895,22368895,68652718,0.245754,finmind,2026-07-22T04:17:31.412074+08:00
2017-10-27,91021613,1998279,31630121,22383895,22383895,68637718,0.245918,finmind,2026-07-22T04:17:31.412074+08:00
2017-11-03,91021613,2250706,31911121,22359895,22359895,68661718,0.245655,finmind,2026-07-22T04:17:31.412074+08:00
2017-11-10,91021613,2733801,31640712,22333895,22333895,68687718,0.245369,finmind,2026-07-22T04:17:31.412074+08:00
2017-11-17,91021613,2381217,31810762,22302895,22302895,68718718,0.245029,finmind,2026-07-22T04:17:31.412074+08:00
2017-11-24,91021613,2469217,31375762,22299895,22299895,68721718,0.244996,finmind,2026-07-22T04:17:31.412074+08:00
2017-12-01,90971613,6569818,34779189,24175895,24175895,66795718,0.265752,finmind,2026-07-22T04:17:31.412074+08:00
2017-12-08,90971613,3708818,33592057,23192895,23192895,67778718,0.254947,finmind,2026-07-22T04:17:31.412074+08:00
2017-12-15,90971613,3594399,34132762,24374895,24374895,66596718,0.26794,finmind,2026-07-22T04:17:31.412074+08:00
2017-12-22,90971613,3245399,34379762,24091895,24091895,66879718,0.264829,finmind,2026-07-22T04:17:31.412074+08:00
2018-01-05,90971613,2968399,35027762,24557968,24557968,66413645,0.269952,finmind,2026-07-22T04:17:31.412074+08:00
2018-01-12,90971613,2541796,35863762,24551968,24551968,66419645,0.269886,finmind,2026-07-22T04:17:31.412074+08:00
2018-01-19,90971613,2351482,36715762,24527968,24527968,66443645,0.269622,finmind,2026-07-22T04:17:31.412074+08:00
2018-01-26,90971613,3470049,37324667,24686107,24686107,66285506,0.271361,finmind,2026-07-22T04:17:31.412074+08:00
2018-02-02,90971613,2907364,37594872,25876107,25876107,65095506,0.284442,finmind,2026-07-22T04:17:31.412074+08:00
2018-02-09,90971613,2790189,38856872,25840107,25840107,65131506,0.284046,finmind,2026-07-22T04:17:31.412074+08:00
2018-02-14,90971613,2788189,38293872,24606107,24606107,66365506,0.270481,finmind,2026-07-22T04:17:31.412074+08:00
2018-02-23,92921613,3817928,37695872,24590107,24590107,68331506,0.264633,finmind,2026-07-22T04:17:31.412074+08:00
2018-03-02,92921613,3733928,36443872,24606107,24606107,68315506,0.264805,finmind,2026-07-22T04:17:31.412074+08:00
2018-03-09,92921613,3710928,38575872,27721107,27721107,65200506,0.298328,finmind,2026-07-22T04:17:31.412074+08:00
2018-03-16,92921613,3697928,38188773,26427107,26427107,66494506,0.284402,finmind,2026-07-22T04:17:31.412074+08:00
2018-03-23,102921613,4962047,45439651,32934423,32934423,69987190,0.319995,finmind,2026-07-22T04:17:31.412074+08:00
2018-03-31,102921613,4659329,45465156,30848832,30848832,72072781,0.299731,finmind,2026-07-22T04:17:31.412074+08:00
2018-04-03,102921613,4697071,45037485,31617832,31617832,71303781,0.307203,finmind,2026-07-22T04:17:31.412074+08:00
2018-04-13,102921613,4262071,45730485,31438832,31438832,71482781,0.305464,finmind,2026-07-22T04:17:31.412074+08:00
2018-04-20,102921613,4417071,45019485,30201832,30201832,72719781,0.293445,finmind,2026-07-22T04:17:31.412074+08:00
2018-04-27,102921613,4434981,45858485,31258017,31258017,71663596,0.303707,finmind,2026-07-22T04:17:31.412074+08:00
2018-05-04,102921613,5193141,43373376,29095832,29095832,73825781,0.282699,finmind,2026-07-22T04:17:31.412074+08:00
2018-05-11,102921613,5139234,42748376,29095832,29095832,73825781,0.282699,finmind,2026-07-22T04:17:31.412074+08:00
2018-05-18,102921613,5157234,43969376,29117832,29117832,73803781,0.282913,finmind,2026-07-22T04:17:31.412074+08:00
2018-05-25,102921613,5312234,43780376,29117832,29117832,73803781,0.282913,finmind,2026-07-22T04:17:31.412074+08:00
2018-06-01,102921613,5705234,43382376,30165328,30165328,72756285,0.29309,finmind,2026-07-22T04:17:31.412074+08:00
2018-06-08,102921613,5359234,43175009,29099832,29099832,73821781,0.282738,finmind,2026-07-22T04:17:31.412074+08:00
2018-06-15,102921613,5436607,42769638,29081832,29081832,73839781,0.282563,finmind,2026-07-22T04:17:31.412074+08:00
2018-06-22,102921613,5166607,41185485,29081832,29081832,73839781,0.282563,finmind,2026-07-22T04:17:31.412074+08:00
2018-06-29,102921613,5305936,40807055,29095832,29095832,73825781,0.282699,finmind,2026-07-22T04:17:31.412074+08:00
2018-07-06,102921613,4679936,41105485,28433051,28433051,74488562,0.276259,finmind,2026-07-22T04:17:31.412074+08:00
2018-07-13,102921613,4613936,41167485,28433051,28433051,74488562,0.276259,finmind,2026-07-22T04:17:31.412074+08:00
2018-07-20,102921613,4657936,40205300,28433051,28433051,74488562,0.276259,finmind,2026-07-22T04:17:31.412074+08:00
2018-07-27,102921613,4641936,40630485,28433051,28433051,74488562,0.276259,finmind,2026-07-22T04:17:31.412074+08:00
2018-08-03,102921613,4743936,41094485,28433051,28433051,74488562,0.276259,finmind,2026-07-22T04:17:31.412074+08:00
2018-08-10,102921613,4558936,41127485,28433051,28433051,74488562,0.276259,finmind,2026-07-22T04:17:31.412074+08:00
2018-08-17,102921613,4522491,40138055,28433051,28433051,74488562,0.276259,finmind,2026-07-22T04:17:31.412074+08:00
2018-08-24,102921613,4632155,40108833,28433051,28433051,74488562,0.276259,finmind,2026-07-22T04:17:31.412074+08:00
2018-08-31,102921613,4811155,40092833,28433051,28433051,74488562,0.276259,finmind,2026-07-22T04:17:31.412074+08:00
2018-09-07,102870613,4877155,40079648,28433051,28433051,74437562,0.276396,finmind,2026-07-22T04:17:31.412074+08:00
2018-09-14,102870613,5091295,39689530,29681547,29681547,73189066,0.288533,finmind,2026-07-22T04:17:31.412074+08:00
2018-09-21,102870613,4624295,39818657,29708547,29708547,73162066,0.288795,finmind,2026-07-22T04:17:31.412074+08:00
2018-09-28,102870613,4710304,40089242,29636132,29636132,73234481,0.288091,finmind,2026-07-22T04:17:31.412074+08:00
2018-10-05,102870613,4694913,40112161,29615051,29615051,73255562,0.287886,finmind,2026-07-22T04:17:31.412074+08:00
2018-10-12,102870613,5145162,39750161,31674051,31674051,71196562,0.307902,finmind,2026-07-22T04:17:31.412074+08:00
2018-10-19,102870613,5034162,39815161,30747051,30747051,72123562,0.298891,finmind,2026-07-22T04:17:31.412074+08:00
2018-10-26,102870613,5278162,40567161,30695051,30695051,72175562,0.298385,finmind,2026-07-22T04:17:31.412074+08:00
2018-11-02,102870613,5422162,40477161,30726051,30726051,72144562,0.298686,finmind,2026-07-22T04:17:31.412074+08:00
2018-11-09,102870613,5498162,40375161,30759051,30759051,72111562,0.299007,finmind,2026-07-22T04:17:31.412074+08:00
2018-11-16,102870613,5572162,40571161,30896051,30896051,71974562,0.300339,finmind,2026-07-22T04:17:31.412074+08:00
2018-11-23,102870613,5410749,40191161,30902051,30902051,71968562,0.300397,finmind,2026-07-22T04:17:31.412074+08:00
2018-11-30,102870613,5340749,41194314,30897051,30897051,71973562,0.300349,finmind,2026-07-22T04:17:31.412074+08:00
2018-12-07,102870613,5388749,41250314,30956051,30956051,71914562,0.300922,finmind,2026-07-22T04:17:31.412074+08:00
2018-12-14,102870613,5266749,41944133,30960051,30960051,71910562,0.300961,finmind,2026-07-22T04:17:31.412074+08:00
2018-12-22,102870613,5640749,42262133,30895051,30895051,71975562,0.300329,finmind,2026-07-22T04:17:31.412074+08:00
2018-12-28,102870613,5502749,42674133,30893051,30893051,71977562,0.30031,finmind,2026-07-22T04:17:31.412074+08:00
2019-01-04,102870613,5497749,42168133,30943051,30943051,71927562,0.300796,finmind,2026-07-22T04:17:31.412074+08:00
2019-01-11,102870613,5391750,42136133,30896051,30896051,71974562,0.300339,finmind,2026-07-22T04:17:31.412074+08:00
2019-01-19,102897279,,42198857,30919051,30919051,71978228,0.300485,finmind,2026-07-22T04:17:31.412074+08:00
2019-01-25,102870613,5063750,41545038,30932051,30932051,71938562,0.300689,finmind,2026-07-22T04:17:31.412074+08:00
2019-02-01,102870613,5069749,41535037,30872051,30872051,71998562,0.300106,finmind,2026-07-22T04:17:31.412074+08:00
2019-02-15,102870613,5059749,42354037,31169051,31169051,71701562,0.302993,finmind,2026-07-22T04:17:31.412074+08:00
2019-02-23,102897279,,41173037,31158051,31158051,71739228,0.302807,finmind,2026-07-22T04:17:31.412074+08:00
2019-02-27,102870613,5905749,40486161,30771051,30771051,72099562,0.299124,finmind,2026-07-22T04:17:31.412074+08:00
2019-03-08,102870613,5781458,41225350,30891051,30891051,71979562,0.30029,finmind,2026-07-22T04:17:31.412074+08:00
2019-03-15,102870613,5770359,40877350,30907051,30907051,71963562,0.300446,finmind,2026-07-22T04:17:31.412074+08:00
2019-03-22,102870613,4682359,40875350,30899051,30899051,71971562,0.300368,finmind,2026-07-22T04:17:31.412074+08:00
2019-03-29,102870613,4732359,40650161,31590828,31590828,71279785,0.307093,finmind,2026-07-22T04:17:31.412074+08:00
2019-04-03,102870613,4994359,40619161,30572051,30572051,72298562,0.297189,finmind,2026-07-22T04:17:31.412074+08:00
2019-04-12,102880279,4848359,41806350,30648212,30648212,72232067,0.297902,finmind,2026-07-22T04:17:31.412074+08:00
2019-04-19,102880279,4774359,41030350,30701989,30701989,72178290,0.298424,finmind,2026-07-22T04:17:31.412074+08:00
2019-04-26,102880279,4656359,40790350,30707989,30707989,72172290,0.298483,finmind,2026-07-22T04:17:31.412074+08:00
2019-05-03,102880279,4802359,41247226,30697989,30697989,72182290,0.298386,finmind,2026-07-22T04:17:31.412074+08:00
2019-05-10,102880279,4777359,41151226,30673989,30673989,72206290,0.298152,finmind,2026-07-22T04:17:31.412074+08:00
2019-05-17,102880279,4678359,41143503,30661989,30661989,72218290,0.298036,finmind,2026-07-22T04:17:31.412074+08:00
2019-05-24,102880279,4797359,41477725,30237989,30237989,72642290,0.293914,finmind,2026-07-22T04:17:31.412074+08:00
2019-05-31,102880279,4751359,41695725,30272989,30272989,72607290,0.294255,finmind,2026-07-22T04:17:31.412074+08:00
2019-06-06,102880279,4720359,41747725,30309989,30309989,72570290,0.294614,finmind,2026-07-22T04:17:31.412074+08:00
2019-06-14,102880279,4902359,42116716,31253504,31253504,71626775,0.303785,finmind,2026-07-22T04:17:31.412074+08:00
2019-06-21,102880279,4708359,41719716,30202727,30202727,72677552,0.293572,finmind,2026-07-22T04:17:31.412074+08:00
2019-06-28,102880279,4657571,41751716,30137727,30137727,72742552,0.29294,finmind,2026-07-22T04:17:31.412074+08:00
2019-07-05,102880279,4607683,40382563,30119727,30119727,72760552,0.292765,finmind,2026-07-22T04:17:31.412074+08:00
2019-07-12,102880279,4176723,39516563,28717727,28717727,74162552,0.279137,finmind,2026-07-22T04:17:31.412074+08:00
2019-07-19,102880279,4261723,40379563,28727727,28727727,74152552,0.279235,finmind,2026-07-22T04:17:31.412074+08:00
2019-07-26,102880279,4443014,39606563,28617727,28617727,74262552,0.278165,finmind,2026-07-22T04:17:31.412074+08:00
2019-08-02,102880279,4417014,38889350,27438727,27438727,75441552,0.266705,finmind,2026-07-22T04:17:31.412074+08:00
2019-08-08,102880279,4401014,38358350,27438727,27438727,75441552,0.266705,finmind,2026-07-22T04:17:31.412074+08:00
2019-08-16,102880279,4407014,38469350,27448727,27448727,75431552,0.266803,finmind,2026-07-22T04:17:31.412074+08:00
2019-08-23,105526279,4481014,38274350,27448727,27448727,78077552,0.260113,finmind,2026-07-22T04:17:31.412074+08:00
2019-08-30,105526279,4571014,37663350,27449727,27449727,78076552,0.260122,finmind,2026-07-22T04:17:31.412074+08:00
2019-09-06,105526279,4350014,37814350,27449727,27449727,78076552,0.260122,finmind,2026-07-22T04:17:31.412074+08:00
2019-09-12,105526279,4396014,37783350,27449727,27449727,78076552,0.260122,finmind,2026-07-22T04:17:31.412074+08:00
2019-09-20,105526279,4328014,40436350,30095727,30095727,75430552,0.285197,finmind,2026-07-22T04:17:31.412074+08:00
2019-09-27,105526279,4109014,39488161,30095727,30095727,75430552,0.285197,finmind,2026-07-22T04:17:31.412074+08:00
2019-10-05,105526279,,40463161,30095727,30095727,75430552,0.285197,finmind,2026-07-22T04:17:31.412074+08:00
2019-10-09,105526279,4059014,39671161,30095727,30095727,75430552,0.285197,finmind,2026-07-22T04:17:31.412074+08:00
2019-10-18,105526279,3991014,40087161,30095727,30095727,75430552,0.285197,finmind,2026-07-22T04:17:31.412074+08:00
2019-10-25,105526279,4089014,40052161,30095727,30095727,75430552,0.285197,finmind,2026-07-22T04:17:31.412074+08:00
2019-11-01,105526279,4406014,38957384,30095727,30095727,75430552,0.285197,finmind,2026-07-22T04:17:31.412074+08:00
2019-11-08,105526279,3941990,38428384,30095727,30095727,75430552,0.285197,finmind,2026-07-22T04:17:31.412074+08:00
2019-11-15,105526279,3925537,38569384,29894727,29894727,75631552,0.283292,finmind,2026-07-22T04:17:31.412074+08:00
2019-11-22,105526279,3716537,38357384,29864727,29864727,75661552,0.283007,finmind,2026-07-22T04:17:31.412074+08:00
2019-11-29,105526279,3724710,38569384,29864727,29864727,75661552,0.283007,finmind,2026-07-22T04:17:31.412074+08:00
2019-12-06,105526279,3472710,39471384,31263727,31263727,74262552,0.296265,finmind,2026-07-22T04:17:31.412074+08:00
2019-12-13,105526279,3719710,38042384,29843727,29843727,75682552,0.282808,finmind,2026-07-22T04:17:31.412074+08:00
2019-12-20,105526279,3830710,37151384,29798727,29798727,75727552,0.282382,finmind,2026-07-22T04:17:31.412074+08:00
2019-12-27,120226279,3973479,37213384,29798727,29798727,90427552,0.247855,finmind,2026-07-22T04:17:31.412074+08:00
2020-01-03,120226279,4052777,47421216,37109126,37109126,83117153,0.308661,finmind,2026-07-22T04:17:31.412074+08:00
2020-01-10,120226279,3931235,47412216,37357126,37357126,82869153,0.310723,finmind,2026-07-22T04:17:31.412074+08:00
2020-01-17,120226279,3884235,46892216,37788126,37788126,82438153,0.314308,finmind,2026-07-22T04:17:31.412074+08:00
2020-01-22,120226279,3920235,46863216,37702126,37702126,82524153,0.313593,finmind,2026-07-22T04:17:31.412074+08:00
2020-01-31,120226279,4197235,46685216,37513126,37513126,82713153,0.312021,finmind,2026-07-22T04:17:31.412074+08:00
2020-02-07,120226279,4263236,47395717,37641126,37641126,82585153,0.313086,finmind,2026-07-22T04:17:31.412074+08:00
2020-02-15,120226279,,47139717,37470126,37470126,82756153,0.311663,finmind,2026-07-22T04:17:31.412074+08:00
2020-02-21,119980279,4425236,47422669,37461126,37461126,82519153,0.312227,finmind,2026-07-22T04:17:31.412074+08:00
2020-02-27,119980279,4341236,47177596,37701126,37701126,82279153,0.314228,finmind,2026-07-22T04:17:31.412074+08:00
2020-03-06,119980279,4372523,47279644,37819126,37819126,82161153,0.315211,finmind,2026-07-22T04:17:31.412074+08:00
2020-03-13,119980279,4234523,46068644,37087126,37087126,82893153,0.30911,finmind,2026-07-22T04:17:31.412074+08:00
2020-03-20,119980279,4983523,44405090,33314126,33314126,86666153,0.277663,finmind,2026-07-22T04:17:31.412074+08:00
2020-03-27,119980279,5082523,45314090,33293126,33293126,86687153,0.277488,finmind,2026-07-22T04:17:31.412074+08:00
2020-04-01,119980279,5069049,45045251,34305126,34305126,85675153,0.285923,finmind,2026-07-22T04:17:31.412074+08:00
2020-04-10,119980279,4755512,43571805,34319126,34319126,85661153,0.28604,finmind,2026-07-22T04:17:31.412074+08:00
2020-04-17,119980279,4492512,43444805,34392126,34392126,85588153,0.286648,finmind,2026-07-22T04:17:31.412074+08:00
2020-04-24,119980279,5109774,43646757,33259126,33259126,86721153,0.277205,finmind,2026-07-22T04:17:31.412074+08:00
2020-04-30,119980279,5079774,43430757,33214126,33214126,86766153,0.27683,finmind,2026-07-22T04:17:31.412074+08:00
2020-05-08,119980279,5332774,44087757,33187126,33187126,86793153,0.276605,finmind,2026-07-22T04:17:31.412074+08:00
2020-05-15,119980279,5326774,44364556,33142126,33142126,86838153,0.27623,finmind,2026-07-22T04:17:31.412074+08:00
2020-05-22,119980279,5231774,44659557,35342126,35342126,84638153,0.294566,finmind,2026-07-22T04:17:31.412074+08:00
2020-05-29,119980279,5552774,45089361,37787984,37787984,82192295,0.314952,finmind,2026-07-22T04:17:31.412074+08:00
2020-06-05,119980279,5489774,44360361,35642126,35642126,84338153,0.297067,finmind,2026-07-22T04:17:31.412074+08:00
2020-06-12,120261279,5866774,44777997,35679984,35679984,84581295,0.296687,finmind,2026-07-22T04:17:31.412074+08:00
2020-06-20,119907279,,44372997,34668126,34668126,85239153,0.289124,finmind,2026-07-22T04:17:31.412074+08:00
2020-06-24,120261279,4603774,45850997,35446126,35446126,84815153,0.294743,finmind,2026-07-22T04:17:31.412074+08:00
2020-07-03,120261279,6226774,49069807,35461126,35461126,84800153,0.294867,finmind,2026-07-22T04:17:31.412074+08:00
2020-07-10,120261279,7026774,44779461,32934126,32934126,87327153,0.273855,finmind,2026-07-22T04:17:31.412074+08:00
2020-07-17,120261279,6160586,45006541,34413306,34413306,85847973,0.286154,finmind,2026-07-22T04:17:31.412074+08:00
2020-07-24,120261279,4583586,42001361,32925126,32925126,87336153,0.27378,finmind,2026-07-22T04:17:31.412074+08:00
2020-07-31,120261279,4503586,40252361,31884126,31884126,88377153,0.265124,finmind,2026-07-22T04:17:31.412074+08:00
2020-08-07,120261279,4905586,39543028,31203460,31203460,89057819,0.259464,finmind,2026-07-22T04:17:31.412074+08:00
2020-08-14,120261279,4684586,43167474,31203460,31203460,89057819,0.259464,finmind,2026-07-22T04:17:31.412074+08:00
2020-08-21,120261279,4972586,40190028,31203460,31203460,89057819,0.259464,finmind,2026-07-22T04:17:31.412074+08:00
2020-08-28,120261279,4178586,39579028,31203460,31203460,89057819,0.259464,finmind,2026-07-22T04:17:31.412074+08:00
2020-09-04,120261279,4728586,41662028,33273460,33273460,86987819,0.276676,finmind,2026-07-22T04:17:31.412074+08:00
2020-09-11,120124279,4718586,41789028,32281460,32281460,87842819,0.268734,finmind,2026-07-22T04:17:31.412074+08:00
2020-09-18,120124279,5238980,40125028,32492460,32492460,87631819,0.27049,finmind,2026-07-22T04:17:31.412074+08:00
2020-09-26,120124279,,39290028,32314460,32314460,87809819,0.269009,finmind,2026-07-22T04:17:31.412074+08:00
2020-09-30,120124279,4495980,39181028,32299460,32299460,87824819,0.268884,finmind,2026-07-22T04:17:31.412074+08:00
2020-10-08,120124279,4395980,39858028,32327460,32327460,87796819,0.269117,finmind,2026-07-22T04:17:31.412074+08:00
2020-10-16,120124279,4428980,39425028,32292460,32292460,87831819,0.268825,finmind,2026-07-22T04:17:31.412074+08:00
2020-10-23,120124279,4664980,40005028,32255460,32255460,87868819,0.268517,finmind,2026-07-22T04:17:31.412074+08:00
2020-10-30,120124279,4886980,39129028,32236460,32236460,87887819,0.268359,finmind,2026-07-22T04:17:31.412074+08:00
2020-11-06,120124279,5031980,38817028,32213460,32213460,87910819,0.268168,finmind,2026-07-22T04:17:31.412074+08:00
2020-11-13,120124279,5032888,39645028,32268460,32268460,87855819,0.268626,finmind,2026-07-22T04:17:31.412074+08:00
2020-11-20,120124279,5046888,41103028,33573460,33573460,86550819,0.279489,finmind,2026-07-22T04:17:31.412074+08:00
2020-11-27,120124279,4735888,43052028,34403460,34403460,85720819,0.286399,finmind,2026-07-22T04:17:31.412074+08:00
2020-12-04,120124279,4720829,44537574,33246460,33246460,86877819,0.276767,finmind,2026-07-22T04:17:31.412074+08:00
2020-12-11,120124279,4973145,42423671,33176460,33176460,86947819,0.276184,finmind,2026-07-22T04:17:31.412074+08:00
2020-12-18,120124279,4758145,42285811,33176460,33176460,86947819,0.276184,finmind,2026-07-22T04:17:31.412074+08:00
2020-12-25,120124279,4644145,42637811,33176460,33176460,86947819,0.276184,finmind,2026-07-22T04:17:31.412074+08:00
2020-12-31,120124279,4672145,42067811,34208460,34208460,85915819,0.284776,finmind,2026-07-22T04:17:31.412074+08:00
2021-01-08,120124279,4165145,40561190,34243460,34243460,85880819,0.285067,finmind,2026-07-22T04:17:31.412074+08:00
2021-01-15,120124279,4211145,40943358,33176460,33176460,86947819,0.276184,finmind,2026-07-22T04:17:31.412074+08:00
2021-01-22,120124279,4549147,42067000,34183460,34183460,85940819,0.284567,finmind,2026-07-22T04:17:31.412074+08:00
2021-01-29,120124279,4181147,42255358,34404460,34404460,85719819,0.286407,finmind,2026-07-22T04:17:31.412074+08:00
2021-02-05,120124279,4132147,43072358,34291460,34291460,85832819,0.285467,finmind,2026-07-22T04:17:31.412074+08:00
2021-02-09,120124279,4132147,42669359,34294460,34294460,85829819,0.285491,finmind,2026-07-22T04:17:31.412074+08:00
2021-02-20,120124279,,43431358,34555460,34555460,85568819,0.287664,finmind,2026-07-22T04:17:31.412074+08:00
2021-02-26,120036279,4289148,43248458,34532460,34532460,85503819,0.287684,finmind,2026-07-22T04:17:31.412074+08:00
2021-03-05,120036279,4116148,43156458,34488460,34488460,85547819,0.287317,finmind,2026-07-22T04:17:31.412074+08:00
2021-03-12,120036279,3841148,42444458,33687460,33687460,86348819,0.280644,finmind,2026-07-22T04:17:31.412074+08:00
2021-03-19,120036279,4112148,43293458,35076460,35076460,84959819,0.292215,finmind,2026-07-22T04:17:31.412074+08:00
2021-03-26,120036279,3685148,43155458,35036460,35036460,84999819,0.291882,finmind,2026-07-22T04:17:31.412074+08:00
2021-04-01,120036279,4003148,43759458,34106460,34106460,85929819,0.284135,finmind,2026-07-22T04:17:31.412074+08:00
2021-04-16,120036279,3703149,44028458,34702460,34702460,85333819,0.2891,finmind,2026-07-22T04:17:31.412074+08:00
2021-04-23,120036279,4035149,40974458,32459460,32459460,87576819,0.270414,finmind,2026-07-22T04:17:31.412074+08:00
2021-04-29,120036279,3644149,39906458,32366460,32366460,87669819,0.269639,finmind,2026-07-22T04:17:31.412074+08:00
2021-05-07,120036279,3649149,37541600,32155460,32155460,87880819,0.267881,finmind,2026-07-22T04:17:31.412074+08:00
2021-05-14,133036279,4236149,36726458,30934460,30934460,102101819,0.232526,finmind,2026-07-22T04:17:31.412074+08:00
2021-05-21,133036279,4856149,50221194,43934460,43934460,89101819,0.330244,finmind,2026-07-22T04:17:31.412074+08:00
2021-05-28,133036279,4974149,50838410,43734460,43734460,89301819,0.328741,finmind,2026-07-22T04:17:31.412074+08:00
2021-06-04,132930279,4257149,51085410,43734460,43734460,89195819,0.329003,finmind,2026-07-22T04:17:31.412074+08:00
2021-06-11,132930279,4549149,51126410,43734460,43734460,89195819,0.329003,finmind,2026-07-22T04:17:31.412074+08:00
2021-06-18,132930279,4185149,50768552,43734460,43734460,89195819,0.329003,finmind,2026-07-22T04:17:31.412074+08:00
2021-06-25,132930279,4298149,50766552,43674460,43674460,89255819,0.328552,finmind,2026-07-22T04:17:31.412074+08:00
2021-07-02,132930279,4399149,50480578,43674460,43674460,89255819,0.328552,finmind,2026-07-22T04:17:31.412074+08:00
2021-07-09,132930279,4526149,50411577,43674460,43674460,89255819,0.328552,finmind,2026-07-22T04:17:31.412074+08:00
2021-07-16,132930279,4408149,50591552,43674460,43674460,89255819,0.328552,finmind,2026-07-22T04:17:31.412074+08:00
2021-07-23,132930279,4827150,50402410,43674460,43674460,89255819,0.328552,finmind,2026-07-22T04:17:31.412074+08:00
2021-07-30,132930279,4311150,50398552,43674460,43674460,89255819,0.328552,finmind,2026-07-22T04:17:31.412074+08:00
2021-08-13,132930279,3654150,50092219,42407792,42407792,90522487,0.319023,finmind,2026-07-22T04:17:31.412074+08:00
2021-08-20,132930279,3920150,50614219,42407792,42407792,90522487,0.319023,finmind,2026-07-22T04:17:31.412074+08:00
2021-08-27,132930279,4264150,50529219,42407792,42407792,90522487,0.319023,finmind,2026-07-22T04:17:31.412074+08:00
2021-09-11,132726279,,50212138,42407792,42407792,90318487,0.319513,finmind,2026-07-22T04:17:31.412074+08:00
2021-09-17,132726279,4091150,50297204,42407792,42407792,90318487,0.319513,finmind,2026-07-22T04:17:31.412074+08:00
2021-10-01,132726279,4553150,50134512,42407792,42407792,90318487,0.319513,finmind,2026-07-22T04:17:31.412074+08:00
2021-10-08,132726279,4663150,50297761,42407792,42407792,90318487,0.319513,finmind,2026-07-22T04:17:31.412074+08:00
2021-10-15,132726279,4257150,51071806,42407792,42407792,90318487,0.319513,finmind,2026-07-22T04:17:31.412074+08:00
2021-10-22,132726279,4448150,51316016,42407792,42407792,90318487,0.319513,finmind,2026-07-22T04:17:31.412074+08:00
2021-10-29,132726279,4739150,51038236,43433968,43433968,89292311,0.327245,finmind,2026-07-22T04:17:31.412074+08:00
2021-11-05,132726279,5042150,51223407,43491139,43491139,89235140,0.327675,finmind,2026-07-22T04:17:31.412074+08:00
2021-11-12,132726279,5100150,51663392,43423124,43423124,89303155,0.327163,finmind,2026-07-22T04:17:31.412074+08:00
2021-11-19,132726279,4813149,52239403,43476135,43476135,89250144,0.327562,finmind,2026-07-22T04:17:31.412074+08:00
2021-11-26,132726279,4501149,51494436,42414641,42414641,90311638,0.319565,finmind,2026-07-22T04:17:31.412074+08:00
2021-12-03,132511460,4842969,51990194,42414641,42414641,90096819,0.320083,finmind,2026-07-22T04:17:31.412074+08:00
2021-12-10,132511460,4357968,51856844,42414641,42414641,90096819,0.320083,finmind,2026-07-22T04:17:31.412074+08:00
2021-12-17,132511460,4535968,52002699,42414641,42414641,90096819,0.320083,finmind,2026-07-22T04:17:31.412074+08:00
2021-12-24,132511460,4579968,51563565,42414641,42414641,90096819,0.320083,finmind,2026-07-22T04:17:31.412074+08:00
2021-12-30,132511460,4609968,51224046,43511597,43511597,88999863,0.328361,finmind,2026-07-22T04:17:31.412074+08:00
2022-01-07,132511460,4431968,50870537,43537946,43537946,88973514,0.32856,finmind,2026-07-22T04:17:31.412074+08:00
2022-01-14,132511460,4613968,50646839,42414641,42414641,90096819,0.320083,finmind,2026-07-22T04:17:31.412074+08:00
2022-01-22,132511460,,51109987,43426538,43426538,89084922,0.327719,finmind,2026-07-22T04:17:31.412074+08:00
2022-01-28,132511460,4361968,50481594,42390641,42390641,90120819,0.319902,finmind,2026-07-22T04:17:31.412074+08:00
2022-02-18,132511460,4487968,49838658,42302641,42302641,90208819,0.319238,finmind,2026-07-22T04:17:31.412074+08:00
2022-02-25,132511460,4366968,50152741,42237641,42237641,90273819,0.318747,finmind,2026-07-22T04:17:31.412074+08:00
2022-03-04,132511460,4511968,49911479,42112641,42112641,90398819,0.317804,finmind,2026-07-22T04:17:31.412074+08:00
2022-03-11,132511460,4519968,49883684,42071641,42071641,90439819,0.317494,finmind,2026-07-22T04:17:31.412074+08:00
2022-03-18,132511460,4691968,50400061,41995641,41995641,90515819,0.316921,finmind,2026-07-22T04:17:31.412074+08:00
2022-03-25,132511460,4843968,50955031,41937641,41937641,90573819,0.316483,finmind,2026-07-22T04:17:31.412074+08:00
2022-04-01,132511460,5028968,50831018,40807822,40807822,91703638,0.307957,finmind,2026-07-22T04:17:31.412074+08:00
2022-04-08,132511460,4952968,51297761,40791822,40791822,91719638,0.307836,finmind,2026-07-22T04:17:31.412074+08:00
2022-04-15,132511460,4947967,51363016,40744822,40744822,91766638,0.307481,finmind,2026-07-22T04:17:31.412074+08:00
2022-04-22,132453460,5143968,51310016,40647822,40647822,91805638,0.306884,finmind,2026-07-22T04:17:31.412074+08:00
2022-04-29,132453460,5212968,50956195,40632822,40632822,91820638,0.306771,finmind,2026-07-22T04:17:31.412074+08:00
2022-05-06,132453460,5261968,51002195,40632822,40632822,91820638,0.306771,finmind,2026-07-22T04:17:31.412074+08:00
2022-05-13,132453460,5128968,51362246,40632822,40632822,91820638,0.306771,finmind,2026-07-22T04:17:31.412074+08:00
2022-05-20,132453460,5324968,51072253,40632822,40632822,91820638,0.306771,finmind,2026-07-22T04:17:31.412074+08:00
2022-05-27,132453460,4950968,50545395,40632822,40632822,91820638,0.306771,finmind,2026-07-22T04:17:31.412074+08:00
2022-06-02,132377794,5017968,50537383,40632822,40632822,91744972,0.306946,finmind,2026-07-22T04:17:31.412074+08:00
2022-06-10,132377794,5051968,50326717,40632822,40632822,91744972,0.306946,finmind,2026-07-22T04:17:31.412074+08:00
2022-06-17,132377794,4950968,50359716,40632822,40632822,91744972,0.306946,finmind,2026-07-22T04:17:31.412074+08:00
2022-06-24,132377794,4907968,50449715,40632822,40632822,91744972,0.306946,finmind,2026-07-22T04:17:31.412074+08:00
2022-07-01,132377794,5463968,52111076,41732822,41732822,90644972,0.315255,finmind,2026-07-22T04:17:31.412074+08:00
2022-07-08,132377794,4817968,56054079,44398822,44398822,87978972,0.335395,finmind,2026-07-22T04:17:31.412074+08:00
2022-07-15,132377794,6614986,58730811,45497322,45497322,86880472,0.343693,finmind,2026-07-22T04:17:31.412074+08:00
2022-07-22,132377794,7888986,61292811,48616180,48616180,83761614,0.367253,finmind,2026-07-22T04:17:31.412074+08:00
2022-07-29,132377794,7957986,62016859,49108322,49108322,83269472,0.370971,finmind,2026-07-22T04:17:31.412074+08:00
2022-08-05,132377794,8150986,63177835,49516322,49516322,82861472,0.374053,finmind,2026-07-22T04:17:31.412074+08:00
2022-08-12,132377794,10514068,70297835,57385322,57385322,74992472,0.433497,finmind,2026-07-22T04:17:31.412074+08:00
2022-08-19,132377794,11449539,74189461,61332964,61332964,71044830,0.463318,finmind,2026-07-22T04:17:31.412074+08:00
2022-08-26,132377794,11254539,74773461,62698964,62698964,69678830,0.473637,finmind,2026-07-22T04:17:31.412074+08:00
2022-09-02,132377794,11961539,74537977,62542964,62542964,69834830,0.472458,finmind,2026-07-22T04:17:31.412074+08:00
2022-09-08,132377794,13158539,75420837,62856964,62856964,69520830,0.47483,finmind,2026-07-22T04:17:31.412074+08:00
2022-09-16,132377794,12077106,71256979,60630964,60630964,71746830,0.458015,finmind,2026-07-22T04:17:31.412074+08:00
2022-09-23,132377794,11499118,72589979,60981964,60981964,71395830,0.460666,finmind,2026-07-22T04:17:31.412074+08:00
2022-09-30,132377794,11440476,74204963,61639322,61639322,70738472,0.465632,finmind,2026-07-22T04:17:31.412074+08:00
2022-10-07,132377794,10319476,74087963,61373322,61373322,71004472,0.463622,finmind,2026-07-22T04:17:31.412074+08:00
2022-10-14,132377794,10923451,74629337,61708322,61708322,70669472,0.466153,finmind,2026-07-22T04:17:31.412074+08:00
2022-10-21,132377794,11203451,74543963,62285322,62285322,70092472,0.470512,finmind,2026-07-22T04:17:31.412074+08:00
2022-10-28,132377794,12011451,76202193,62862322,62862322,69515472,0.474871,finmind,2026-07-22T04:17:31.412074+08:00
2022-11-04,132357794,10993508,74352540,62732322,62732322,69625472,0.47396,finmind,2026-07-22T04:17:31.412074+08:00
2022-11-11,132357794,11484520,75518914,64079180,64079180,68278614,0.484136,finmind,2026-07-22T04:17:31.412074+08:00
2022-11-18,132357794,13381520,76046914,64384180,64384180,67973614,0.48644,finmind,2026-07-22T04:17:31.412074+08:00
2022-11-25,132357794,11578520,75004540,64158180,64158180,68199614,0.484733,finmind,2026-07-22T04:17:31.412074+08:00
2022-12-02,132357794,18054503,89037897,78088987,78088987,54268807,0.589984,finmind,2026-07-22T04:17:31.412074+08:00
2022-12-09,132357794,21305503,86199455,70764987,70764987,61592807,0.534649,finmind,2026-07-22T04:17:31.412074+08:00
2022-12-16,132357794,22042600,89535746,75529987,75529987,56827807,0.57065,finmind,2026-07-22T04:17:31.412074+08:00
2022-12-23,132357794,20031287,84651602,73404489,73404489,58953305,0.554591,finmind,2026-07-22T04:17:31.412074+08:00
2022-12-30,132357794,19999287,85439199,71109489,71109489,61248305,0.537252,finmind,2026-07-22T04:17:31.412074+08:00
2023-01-07,132357794,,79311175,62787489,62787489,69570305,0.474377,finmind,2026-07-22T04:17:31.412074+08:00
2023-01-13,132357794,8875288,71629220,52727107,52727107,79630687,0.398368,finmind,2026-07-22T04:17:31.412074+08:00
2023-01-19,132357794,9523288,70244669,50994989,50994989,81362805,0.385281,finmind,2026-07-22T04:17:31.412074+08:00
2023-02-04,132357794,,69646059,52005989,52005989,80351805,0.39292,finmind,2026-07-22T04:17:31.412074+08:00
2023-02-10,132357794,8454772,68409007,48851626,48851626,83506168,0.369088,finmind,2026-07-22T04:17:31.412074+08:00
2023-02-18,132357794,,68649116,50382626,50382626,81975168,0.380655,finmind,2026-07-22T04:17:31.412074+08:00
2023-02-24,132357794,7340774,64221562,49254218,49254218,83103576,0.372129,finmind,2026-07-22T04:17:31.412074+08:00
2023-03-03,132357794,7901970,62967499,47530822,47530822,84826972,0.359109,finmind,2026-07-22T04:17:31.412074+08:00
2023-03-10,132357794,9543030,65505332,53377217,53377217,78980577,0.40328,finmind,2026-07-22T04:17:31.412074+08:00
2023-03-17,132357794,7667030,66049407,52671437,52671437,79686357,0.397947,finmind,2026-07-22T04:17:31.412074+08:00
2023-03-25,132357794,,62985842,50640227,50640227,81717567,0.382601,finmind,2026-07-22T04:17:31.412074+08:00
2023-03-31,132357794,7793030,67263287,55409814,55409814,76947980,0.418637,finmind,2026-07-22T04:17:31.412074+08:00
2023-04-07,132357794,6866065,68796133,54821786,54821786,77536008,0.414194,finmind,2026-07-22T04:17:31.412074+08:00
2023-04-14,132339794,6391590,74646584,59908976,59908976,72430818,0.452691,finmind,2026-07-22T04:17:31.412074+08:00
2023-04-21,132339794,15063590,78978686,65322571,65322571,67017223,0.493597,finmind,2026-07-22T04:17:31.412074+08:00
2023-04-28,132339794,5072590,67168538,53039065,53039065,79300729,0.400779,finmind,2026-07-22T04:17:31.412074+08:00
2023-05-05,132339794,4762590,66285560,54777587,54777587,77562207,0.413916,finmind,2026-07-22T04:17:31.412074+08:00
2023-05-12,132339794,4522287,56958408,45371822,45371822,86967972,0.342843,finmind,2026-07-22T04:17:31.412074+08:00
2023-05-19,132339794,4199457,54198273,42429822,42429822,89909972,0.320613,finmind,2026-07-22T04:17:31.412074+08:00
2023-05-26,132339794,6419457,58186243,47359822,47359822,84979972,0.357865,finmind,2026-07-22T04:17:31.412074+08:00
2023-06-02,132339794,12559387,84831764,70856113,70856113,61483681,0.53541,finmind,2026-07-22T04:17:31.412074+08:00
2023-06-09,132339794,12773317,82728408,69016508,69016508,63323286,0.52151,finmind,2026-07-22T04:17:31.412074+08:00
2023-06-17,132339794,,84435300,70165916,70165916,62173878,0.530195,finmind,2026-07-22T04:17:31.412074+08:00
2023-06-21,132339794,12829397,83555013,68715676,68715676,63624118,0.519237,finmind,2026-07-22T04:17:31.412074+08:00
2023-06-30,132339794,14985497,87353997,74558077,74558077,57781717,0.563384,finmind,2026-07-22T04:17:31.412074+08:00
2023-07-07,132339794,14012597,84971427,69780090,69780090,62559704,0.52728,finmind,2026-07-22T04:17:31.412074+08:00
2023-07-14,132339794,10940632,86070802,72397185,72397185,59942609,0.547055,finmind,2026-07-22T04:17:31.412074+08:00
2023-07-21,132339794,12163532,86389173,73766559,73766559,58573235,0.557403,finmind,2026-07-22T04:17:31.412074+08:00
2023-07-28,132339794,10856494,84805418,73238912,73238912,59100882,0.553416,finmind,2026-07-22T04:17:31.412074+08:00
2023-08-04,132339794,8936819,77982652,69432492,69432492,62907302,0.524653,finmind,2026-07-22T04:17:31.412074+08:00
2023-08-11,132339794,9310519,80443652,69418492,69418492,62921302,0.524547,finmind,2026-07-22T04:17:31.412074+08:00
2023-08-18,132339794,9067519,81192211,68081023,68081023,64258771,0.514441,finmind,2026-07-22T04:17:31.412074+08:00
2023-08-25,132339794,7278526,79368512,65246047,65246047,67093747,0.493019,finmind,2026-07-22T04:17:31.412074+08:00
2023-09-01,132339794,9219519,78094025,66236740,66236740,66103054,0.500505,finmind,2026-07-22T04:17:31.412074+08:00
2023-09-08,132339794,10052519,79309024,67981740,67981740,64358054,0.513691,finmind,2026-07-22T04:17:31.412074+08:00
2023-09-15,132339794,10233583,77474265,61888891,61888891,70450903,0.467651,finmind,2026-07-22T04:17:31.412074+08:00
2023-09-23,132339794,,68795391,50676845,50676845,81662949,0.38293,finmind,2026-07-22T04:17:31.412074+08:00
2023-09-28,132339794,11018561,70952877,54560975,54560975,77778819,0.412279,finmind,2026-07-22T04:17:31.412074+08:00
2023-10-06,132339794,11731335,66118430,45271359,45271359,87068435,0.342084,finmind,2026-07-22T04:17:31.412074+08:00
2023-10-13,132339794,10965967,75526889,58309443,58309443,74030351,0.440604,finmind,2026-07-22T04:17:31.412074+08:00
2023-10-20,132339794,9341882,73571219,56954909,56954909,75384885,0.430369,finmind,2026-07-22T04:17:31.412074+08:00
2023-10-27,132339794,9375782,72115425,55322845,55322845,77016949,0.418036,finmind,2026-07-22T04:17:31.412074+08:00
2023-11-03,132339794,9447685,78584791,64284330,64284330,68055464,0.485752,finmind,2026-07-22T04:17:31.412074+08:00
2023-11-10,132339794,10143579,83362310,71556250,71556250,60783544,0.540701,finmind,2026-07-22T04:17:31.412074+08:00
2023-11-17,132339794,8636627,84648667,71464841,71464841,60874953,0.54001,finmind,2026-07-22T04:17:31.412074+08:00
2023-11-24,132339794,7975749,78477060,66847430,66847430,65492364,0.50512,finmind,2026-07-22T04:17:31.412074+08:00
2023-12-01,132339794,9099457,81325932,64639241,64639241,67700553,0.488434,finmind,2026-07-22T04:17:31.412074+08:00
2023-12-08,132339794,9067568,79940688,65262243,65262243,67077551,0.493141,finmind,2026-07-22T04:17:31.412074+08:00
2023-12-15,132339794,9728752,78587427,67681251,67681251,64658543,0.51142,finmind,2026-07-22T04:17:31.412074+08:00
2023-12-22,140839794,11517144,87599067,71197476,71197476,69642318,0.505521,finmind,2026-07-22T04:17:31.412074+08:00
2023-12-29,140839794,10263031,77233749,64132695,64132695,76707099,0.455359,finmind,2026-07-22T04:17:31.412074+08:00
2024-01-05,140839794,8408171,73437277,61510903,61510903,79328891,0.436744,finmind,2026-07-22T04:17:31.412074+08:00
2024-01-12,140839794,8643835,76867705,64936111,64936111,75903683,0.461064,finmind,2026-07-22T04:17:31.412074+08:00
2024-01-19,140839794,7949481,68779139,57716191,57716191,83123603,0.4098,finmind,2026-07-22T04:17:31.412074+08:00
2024-01-26,140839794,8235540,67235106,57653591,57653591,83186203,0.409356,finmind,2026-07-22T04:17:31.412074+08:00
2024-02-02,140839794,9513510,68933658,57430629,57430629,83409165,0.407773,finmind,2026-07-22T04:17:31.412074+08:00
2024-02-07,140839794,9195510,68259422,57936632,57936632,82903162,0.411365,finmind,2026-07-22T04:17:31.412074+08:00
2024-02-17,140839794,,70903078,60595914,60595914,80243880,0.430247,finmind,2026-07-22T04:17:31.412074+08:00
2024-02-23,140839794,16897487,75796733,62626112,62626112,78213682,0.444662,finmind,2026-07-22T04:17:31.412074+08:00
2024-03-01,140839794,16931957,75928371,64322750,64322750,76517044,0.456709,finmind,2026-07-22T04:17:31.412074+08:00
2024-03-08,140839794,16890151,76302157,64498536,64498536,76341258,0.457957,finmind,2026-07-22T04:17:31.412074+08:00
2024-03-15,140839794,15304171,74371214,61831242,61831242,79008552,0.439018,finmind,2026-07-22T04:17:31.412074+08:00
2024-03-22,140839794,14761527,71346879,60155662,60155662,80684132,0.427121,finmind,2026-07-22T04:17:31.412074+08:00
2024-03-29,140839794,13104495,65236085,49636634,49636634,91203160,0.352433,finmind,2026-07-22T04:17:31.412074+08:00
2024-04-03,140839794,11676575,65704663,49515325,49515325,91324469,0.351572,finmind,2026-07-22T04:17:31.412074+08:00
2024-04-12,140839794,10610551,66643685,52042433,52042433,88797361,0.369515,finmind,2026-07-22T04:17:31.412074+08:00
2024-04-19,140839794,12207951,63049130,48370237,48370237,92469557,0.343442,finmind,2026-07-22T04:17:31.412074+08:00
2024-04-26,140839794,11531151,63000593,51488192,51488192,89351602,0.36558,finmind,2026-07-22T04:17:31.412074+08:00
2024-05-03,140839794,12227168,63662396,51660731,51660731,89179063,0.366805,finmind,2026-07-22T04:17:31.412074+08:00
2024-05-10,140839794,10963358,62244758,51194061,51194061,89645733,0.363491,finmind,2026-07-22T04:17:31.412074+08:00
2024-05-17,140839794,10939358,62544177,51183742,51183742,89656052,0.363418,finmind,2026-07-22T04:17:31.412074+08:00
2024-05-24,140839794,11464178,73639006,58021962,58021962,82817832,0.411971,finmind,2026-07-22T04:17:31.412074+08:00
2024-05-31,140839794,11673392,73906684,59250134,59250134,81589660,0.420692,finmind,2026-07-22T04:17:31.412074+08:00
2024-06-07,140839794,11475343,71428804,57433176,57433176,83406618,0.407791,finmind,2026-07-22T04:17:31.412074+08:00
2024-06-14,140839794,10786833,73397583,60112455,60112455,80727339,0.426814,finmind,2026-07-22T04:17:31.412074+08:00
2024-06-21,140839794,11788344,70639312,55256188,55256188,85583606,0.392334,finmind,2026-07-22T04:17:31.412074+08:00
2024-06-28,140839794,11205344,64073752,50373100,50373100,90466694,0.357662,finmind,2026-07-22T04:17:31.412074+08:00
2024-07-05,140839794,10159246,63439226,50198526,50198526,90641268,0.356423,finmind,2026-07-22T04:17:31.412074+08:00
2024-07-12,140839794,9243476,64503361,50558439,50558439,90281355,0.358978,finmind,2026-07-22T04:17:31.412074+08:00
2024-07-19,140839794,9459316,64219499,50469055,50469055,90370739,0.358344,finmind,2026-07-22T04:17:31.412074+08:00
2024-07-26,140839794,9296367,63280397,49335395,49335395,91504399,0.350294,finmind,2026-07-22T04:17:31.412074+08:00
2024-08-02,140839794,9504367,62588890,46224237,46224237,94615557,0.328204,finmind,2026-07-22T04:17:31.412074+08:00
2024-08-09,140839794,11764328,60020892,47064928,47064928,93774866,0.334174,finmind,2026-07-22T04:17:31.412074+08:00
2024-08-16,140839794,12244328,57118985,40558608,40558608,100281186,0.287977,finmind,2026-07-22T04:17:31.412074+08:00
2024-08-23,140839794,10388106,61430093,44262103,44262103,96577691,0.314273,finmind,2026-07-22T04:17:31.412074+08:00
2024-08-30,140839794,9433106,59345483,45494721,45494721,95345073,0.323025,finmind,2026-07-22T04:17:31.412074+08:00
2024-09-06,140839794,9159111,55642837,43634546,43634546,97205248,0.309817,finmind,2026-07-22T04:17:31.412074+08:00
2024-09-13,140839794,10584956,62770986,46989252,46989252,93850542,0.333636,finmind,2026-07-22T04:17:31.412074+08:00
2024-09-20,140839794,21338343,67773422,48118385,48118385,92721409,0.341653,finmind,2026-07-22T04:17:31.412074+08:00
2024-09-27,140839794,14058293,66249479,49369602,49369602,91470192,0.350537,finmind,2026-07-22T04:17:31.412074+08:00
2024-10-04,140839794,13766392,67329818,53828401,53828401,87011393,0.382196,finmind,2026-07-22T04:17:31.412074+08:00
2024-10-11,140839794,15031673,66468324,51339738,51339738,89500056,0.364526,finmind,2026-07-22T04:17:31.412074+08:00
2024-10-18,140839794,17355053,61299257,43765240,43765240,97074554,0.310745,finmind,2026-07-22T04:17:31.412074+08:00
2024-10-25,140839794,16241153,56563442,43499322,43499322,97340472,0.308857,finmind,2026-07-22T04:17:31.412074+08:00
2024-11-01,140839794,17628713,57724438,41007741,41007741,99832053,0.291166,finmind,2026-07-22T04:17:31.412074+08:00
2024-11-08,140839794,22123775,60744986,47893826,47893826,92945968,0.340059,finmind,2026-07-22T04:17:31.412074+08:00
2024-11-15,140839794,21847904,65057527,48265297,48265297,92574497,0.342696,finmind,2026-07-22T04:17:31.412074+08:00
2024-11-22,140839794,20021352,62970867,46925894,46925894,93913900,0.333186,finmind,2026-07-22T04:17:31.412074+08:00
2024-11-29,140839794,26976614,77509836,59799170,59799170,81040624,0.42459,finmind,2026-07-22T04:17:31.412074+08:00
2024-12-06,140839794,29343068,86241986,70252749,70252749,70587045,0.498813,finmind,2026-07-22T04:17:31.412074+08:00
2024-12-13,140839794,29390065,83919434,66581072,66581072,74258722,0.472743,finmind,2026-07-22T04:17:31.412074+08:00
2024-12-20,140839794,19382678,80953230,60637027,60637027,80202767,0.430539,finmind,2026-07-22T04:17:31.412074+08:00
2024-12-27,140839794,15690278,80046083,61047300,61047300,79792494,0.433452,finmind,2026-07-22T04:17:31.412074+08:00
2025-01-03,140839794,21985255,78222024,56397224,56397224,84442570,0.400435,finmind,2026-07-22T04:17:31.412074+08:00
2025-01-10,140839794,17177514,78666063,61583216,61583216,79256578,0.437257,finmind,2026-07-22T04:17:31.412074+08:00
2025-01-17,140839794,17523910,80137203,64978095,64978095,75861699,0.461362,finmind,2026-07-22T04:17:31.412074+08:00
2025-01-24,140839794,19585778,89408596,67370921,67370921,73468873,0.478351,finmind,2026-07-22T04:17:31.412074+08:00
2025-02-08,140839794,,82897136,57230718,57230718,83609076,0.406353,finmind,2026-07-22T04:17:31.412074+08:00
2025-02-14,140839794,15360837,78095473,54682241,54682241,86157553,0.388258,finmind,2026-07-22T04:17:31.412074+08:00
2025-02-21,140839794,15582160,69748082,47964189,47964189,92875605,0.340559,finmind,2026-07-22T04:17:31.412074+08:00
2025-02-27,140839794,15163956,67356703,42415863,42415863,98423931,0.301164,finmind,2026-07-22T04:17:31.412074+08:00
2025-03-07,140839794,15901779,61586501,37274070,37274070,103565724,0.264656,finmind,2026-07-22T04:17:31.412074+08:00
2025-03-14,140839794,17207649,63327862,45597315,45597315,95242479,0.323753,finmind,2026-07-22T04:17:31.412074+08:00
2025-03-21,140839794,15934565,58919485,40064952,40064952,100774842,0.284472,finmind,2026-07-22T04:17:31.412074+08:00
2025-03-28,140839794,22949802,64271951,46509280,46509280,94330514,0.330228,finmind,2026-07-22T04:17:31.412074+08:00
2025-04-02,140839794,21052521,62576419,44749325,44749325,96090469,0.317732,finmind,2026-07-22T04:17:31.412074+08:00
2025-04-11,140839794,22865881,61705143,43140677,43140677,97699117,0.30631,finmind,2026-07-22T04:17:31.412074+08:00
2025-04-18,140839794,20025026,59681878,40850369,40850369,99989425,0.290048,finmind,2026-07-22T04:17:31.412074+08:00
2025-04-25,140839794,19763026,55432521,34401646,34401646,106438148,0.244261,finmind,2026-07-22T04:17:31.412074+08:00
2025-05-02,140839794,15966046,54674496,31328959,31328959,109510835,0.222444,finmind,2026-07-22T04:17:31.412074+08:00
2025-05-09,140839794,22195814,56242293,33023591,33023591,107816203,0.234476,finmind,2026-07-22T04:17:31.412074+08:00
2025-05-16,140839794,14812179,56175904,37829175,37829175,103010619,0.268597,finmind,2026-07-22T04:17:31.412074+08:00
2025-05-23,140839794,14430299,53875360,35175584,35175584,105664210,0.249756,finmind,2026-07-22T04:17:31.412074+08:00
2025-05-29,140839794,14092620,52513407,33440738,33440738,107399056,0.237438,finmind,2026-07-22T04:17:31.412074+08:00
2025-06-06,140839794,14578010,51387901,33829154,33829154,107010640,0.240196,finmind,2026-07-22T04:17:31.412074+08:00
2025-06-13,140839794,16795890,60841900,44335848,44335848,96503946,0.314796,finmind,2026-07-22T04:17:31.412074+08:00
2025-06-20,140839794,15088572,57847588,37167104,37167104,103672690,0.263896,finmind,2026-07-22T04:17:31.412074+08:00
2025-06-27,140839794,14523777,53281848,35420346,35420346,105419448,0.251494,finmind,2026-07-22T04:17:31.412074+08:00
2025-07-04,140839794,16506215,51627798,34069453,34069453,106770341,0.241902,finmind,2026-07-22T04:17:31.412074+08:00
2025-07-11,140839794,13625633,61062963,44851410,44851410,95988384,0.318457,finmind,2026-07-22T04:17:31.412074+08:00
2025-07-18,140839794,11278204,53966485,35826012,35826012,105013782,0.254374,finmind,2026-07-22T04:17:31.412074+08:00
2025-07-25,140839794,10557999,53520362,38004540,38004540,102835254,0.269842,finmind,2026-07-22T04:17:31.412074+08:00
2025-08-01,140839794,14505501,60110343,42072768,42072768,98767026,0.298728,finmind,2026-07-22T04:17:31.412074+08:00
2025-08-08,140839794,9538764,47273718,34163275,34163275,106676519,0.242568,finmind,2026-07-22T04:17:31.412074+08:00
2025-08-15,140839794,12137304,60392382,41883655,41883655,98956139,0.297385,finmind,2026-07-22T04:17:31.412074+08:00
2025-08-22,140839794,10056621,49094350,32646488,32646488,108193306,0.231799,finmind,2026-07-22T04:17:31.412074+08:00
2025-08-29,140839794,11385415,50001744,34950769,34950769,105889025,0.24816,finmind,2026-07-22T04:17:31.412074+08:00
2025-09-05,140839794,9715275,46979055,30315129,30315129,110524665,0.215245,finmind,2026-07-22T04:17:31.412074+08:00
2025-09-12,140839794,14507427,51636127,33683845,33683845,107155949,0.239164,finmind,2026-07-22T04:17:31.412074+08:00
2025-09-19,140839794,17271904,52344689,34931628,34931628,105908166,0.248024,finmind,2026-07-22T04:17:31.412074+08:00
2025-09-26,140839794,15359010,54323705,35957801,35957801,104881993,0.25531,finmind,2026-07-22T04:17:31.412074+08:00
2025-10-03,140839794,13524573,50598910,35507878,35507878,105331916,0.252115,finmind,2026-07-22T04:17:31.412074+08:00
2025-10-09,140839794,13325123,48357692,33781933,33781933,107057861,0.239861,finmind,2026-07-22T04:17:31.412074+08:00
2025-10-17,140839794,14713756,40710632,28109956,28109956,112729838,0.199588,finmind,2026-07-22T04:17:31.412074+08:00
2025-10-23,140839794,14795686,41398672,29589733,29589733,111250061,0.210095,finmind,2026-07-22T04:17:31.412074+08:00
2025-10-31,140839794,16130448,45463402,31961627,31961627,108878167,0.226936,finmind,2026-07-22T04:17:31.412074+08:00
2025-11-07,140839794,15838506,41457452,29952041,29952041,110887753,0.212667,finmind,2026-07-22T04:17:31.412074+08:00
2025-11-14,140839794,18288506,47014302,34001634,34001634,106838160,0.241421,finmind,2026-07-22T04:17:31.412074+08:00
2025-11-21,140839794,17021154,44633850,32621260,32621260,108218534,0.23162,finmind,2026-07-22T04:17:31.412074+08:00
2025-11-28,140839794,34985944,65675185,49656957,49656957,91182837,0.352578,finmind,2026-07-22T04:17:31.412074+08:00
2025-12-05,140839794,29383799,69499425,52158261,52158261,88681533,0.370338,finmind,2026-07-22T04:17:31.412074+08:00
2025-12-12,140839794,31394768,68162435,51435085,51435085,89404709,0.365203,finmind,2026-07-22T04:17:31.412074+08:00
2025-12-19,140839794,29548337,67475378,50066585,50066585,90773209,0.355486,finmind,2026-07-22T04:17:31.412074+08:00
2025-12-26,140839794,38020043,76964123,59612565,59612565,81227229,0.423265,finmind,2026-07-22T04:17:31.412074+08:00
2026-01-02,140839794,39442038,76156365,58854854,58854854,81984940,0.417885,finmind,2026-07-22T04:17:31.412074+08:00
2026-01-09,140839794,30381566,72217127,54576300,54576300,86263494,0.387506,finmind,2026-07-22T04:17:31.412074+08:00
2026-01-16,140839794,26948249,58548103,42692360,42692360,98147434,0.303127,finmind,2026-07-22T04:17:31.412074+08:00
2026-01-23,140839794,22360674,54663482,39223582,39223582,101616212,0.278498,finmind,2026-07-22T04:17:31.412074+08:00
2026-01-30,140839794,23867547,62632979,48034201,48034201,92805593,0.341056,finmind,2026-07-22T04:17:31.412074+08:00
2026-02-06,140839794,25408792,64573906,42767883,42767883,98071911,0.303663,finmind,2026-07-22T04:17:31.412074+08:00
2026-02-13,140839794,23584158,62615161,42096930,42096930,98742864,0.298899,finmind,2026-07-22T04:17:31.412074+08:00
2026-02-26,140839794,26562845,67847421,47054939,47054939,93784855,0.334103,finmind,2026-07-22T04:17:31.412074+08:00
2026-03-06,140839794,28730514,68256264,48638953,48638953,92200841,0.34535,finmind,2026-07-22T04:17:31.412074+08:00
2026-03-13,140839794,28765276,66289405,47123852,47123852,93715942,0.334592,finmind,2026-07-22T04:17:31.412074+08:00
2026-03-20,140839794,24239233,56782435,41138248,41138248,99701546,0.292093,finmind,2026-07-22T04:17:31.412074+08:00
2026-03-27,140839794,26994385,61815741,45261113,45261113,95578681,0.321366,finmind,2026-07-22T04:17:31.412074+08:00
2026-04-02,140839794,27644786,60610184,43513724,43513724,97326070,0.308959,finmind,2026-07-22T04:17:31.412074+08:00
2026-04-10,140839794,27650649,59730493,44328623,44328623,96511171,0.314745,finmind,2026-07-22T04:17:31.412074+08:00
2026-04-17,140839794,33255298,69139065,55246160,55246160,85593634,0.392262,finmind,2026-07-22T04:17:31.412074+08:00
2026-04-24,140839794,35880443,71427763,55022456,55022456,85817338,0.390674,finmind,2026-07-22T04:17:31.412074+08:00
2026-04-30,142359284,23717210,70858496,54577841,54577841,87781443,0.383381,finmind,2026-07-22T04:17:31.412074+08:00
2026-05-08,142359284,19592619,69894500,53270530,53270530,89088754,0.374198,finmind,2026-07-22T04:17:31.412074+08:00
2026-05-15,142359284,17685832,61308228,44840916,44840916,97518368,0.314984,finmind,2026-07-22T04:17:31.412074+08:00
2026-05-22,142359284,19316429,60022643,45081446,45081446,97277838,0.316674,finmind,2026-07-22T04:17:31.412074+08:00
2026-05-29,142359284,17853527,57714998,44041608,44041608,98317676,0.309369,finmind,2026-07-22T04:17:31.412074+08:00
2026-06-05,142359284,18508460,59266718,44027164,44027164,98332120,0.309268,finmind,2026-07-22T04:17:31.412074+08:00
2026-06-12,142359284,19134754,57601193,40621529,40621529,101737755,0.285345,finmind,2026-07-22T04:17:31.412074+08:00
2026-06-18,142359284,19789369,56787592,39507968,39507968,102851316,0.277523,finmind,2026-07-22T04:17:31.412074+08:00
2026-06-26,142359284,22021607,55383770,37555110,37555110,104804174,0.263805,finmind,2026-07-22T04:17:31.412074+08:00
2026-07-03,142359284,22079498,55274770,40082206,40082206,102277078,0.281557,finmind,2026-07-22T04:17:31.412074+08:00
2026-07-09,142359284,21271984,54299439,39720121,39720121,102639163,0.279013,finmind,2026-07-22T04:17:31.412074+08:00
2026-07-17,142359284,26932605,54018075,37475213,37475213,104884071,0.263244,finmind,2026-07-22T04:17:31.412074+08:00
2026-07-24,142359284,28207721,56852828,37103843,37103843,105255441,0.260635,finmind,2026-07-25T08:08:49.728364+08:00
2026-07-31,142359284,24665106,55346240,34884612,34884612,107474672,0.245046,finmind,2026-08-01T08:06:47.997276+08:00
2026-08-07,142359284,27098831,58591189,37384325,37384325,104974959,0.262605,finmind,2026-08-08T07:38:19.006715+08:00
2026-08-14,142359284,26805109,61962883,37478699,37478699,104880585,0.263268,finmind,2026-08-15T07:27:17.265049+08:00
